46
821
388
211
818
321
985
968
275
530
631
478
751
101
691
407
194
949
937
60
198
250
225
271
585
278
719
194
948
763
879
347
936
619
558
754
293
543
74
568
73
58
47
177
511
90
936
706
39
873
118
589
475
343
860
60
974
579
607
922
694
838
269
983
810
179
737
103
722
812
671
148
870
70
325
381
160
613
439
551
486
557
140
314
253
1
374
227
932
333
501
979
172
123
962
982
302
51
85
25
863
108
525
85
179
202
819
691
815
610
243
301
520
735
615
773
88
342
352
373
675
853
352
199
976
666
181
279
717
618
656
933
727
181
370
906
735
189
949
550
152
544
203
672
280
171
797
368
513
501
741
540
706
445
740
683
463
921
314
181
540
322
466
619
855
836
877
590
378
826
140
530
371
343
554
651
514
703
371
379
204
465
920
910
910
12
945
726
933
611
907
825
933
725
444
140
561
321
730
291
148
222
173
871
918
79
874
432
782
245
164
338
710
436
601
973
448
546
699
733
510
958
559
795
35
355
936
948
677
666
240
177
241
413
400
159
493
274
943
627
519
107
966
582
543
567
907
991
465
958
77
327
268
636
123
303
991
59
251
20
77
843
549
318
609
949
477
454
223
773
81
95
880
399
29
776
318
936
119
136
246
196
463
514
832
586
169
176
997
772
548
427
616
98
745
577
399
575
31
623
348
464
70
580
864
99
356
534
387
476
670
633
672
134
499
857
72
668
385
70
440
933
497
56
383
594
633
783
521
16
758
221
481
828
802
697
279
158
231
666
986
902
299
11
388
798
868
460
818
253
882
258
186
379
667
922
326
652
705
847
669
463
69
502
643
871
199
922
381
430
588
720
684
239
731
72
389
951
533
207
204
415
817
742
147
484
664
825
137
721
672
158
184
93
660
179
316
859
101
50
641
41
770
326
632
501
750
21
804
635
580
360
403
750
102
550
234
119
727
723
192
399
233
377
493
893
556
161
104
10
211
98
51
981
776
684
834
526
57
638
162
990
998
565
740
453
467
326
924
194
402
116
945
635
845
790
881
754
952
337
764
163
435
167
497
563
203
331
90
613
970
604
603
320
521
695
773
340
21
697
886
423
166
831
411
11
974
644
765
926
981
881
441
769
49
938
332
252
270
774
865
592
730
820
912
251
515
38
591
889
87
829
664
253
661
75
265
635
719
30
913
53
264
354
822
313
293
506
917
563
633
783
507
363
603
771
967
471
809
910
360
897
740
24
150
753
452
767
388
523
150
301
928
414
7
750
727
300
609
644
215
594
779
74
309
735
846
276
558
655
539
918
904
279
294
407
32
98
174
772
974
676
425
902
90
432
5
169
85
614
166
652
560
297
727
869
32
573
146
590
580
685
860
485
316
507
892
700
605
418
824
579
95
249
834
537
33
839
707
470
453
225
123
13
522
202
882
555
775
380
497
707
417
710
192
733
217
436
785
174
855
609
106
302
210
940
839
244
779
898
66
584
123
541
949
646
743
183
553
870
564
50
578
333
760
122
419
329
559
204
856
766
814
962
420
24
254
259
620
33
510
687
969
633
580
918
631
324
101
184
194
17
587
772
703
699
895
122
29
806
326
885
572
492
199
992
869
453
603
489
838
113
528
807
99
109
77
730
785
530
267
979
900
854
104
603
553
351
725
934
157
403
171
81
896
722
425
765
527
380
606
717
846
135
524
945
596
953
27
381
836
294
712
736
500
816
339
406
167
416
692
676
819
864
109
715
938
886
480
466
267
87
183
113
574
60
410
170
365
437
903
201
84
615
937
584
784
628
342
303
44
35
980
864
251
441
579
189
328
412
7
595
851
543
60
425
603
470
947
320
259
202
522
343
817
811
280
601
440
622
905
484
9
237
348
260
678
280
802
6
44
809
953
895
352
13
320
307
835
619
628
95
821
502
790
990
313
422
944
105
397
201
590
406
790
290
667
468
922
469
827
966
630
780
861
335
146
533
994
981
504
974
428
325
476
219
668
142
993
612
247
390
165
837
797
955
480
816
775
402
637
602
721
267
735
582
954
233
468
949
566
972
923
995
650
400
566
670
542
559
282
141
950
799
331
747
754
811
915
529
565
552
484
286
171
571
221
126
804
41
75
370
13
998
365
15
750
283
685
292
843
319
786
793
118
117
892
224
928
807
106
845
359
590
132
530
161
705
8
317
746
83
687
111
82
405
479
184
688
164
829
531
836
615
676
954
732
568
531
660
727
637
505
438
579
989
321
92
46
329
409
792
765
96
256
847
853
735
31
542
251
212
425
87
827
454
394
559
374
925
571
102
914
77
892
493
418
213
585
465
895
994
609
660
442
865
859
648
952
242
542
204
455
967
643
282
773
37
842
148
314
413
602
228
842
494
73
613
60
10
430
955
356
39
615
799
257
826
799
209
68
341
765
523
660
761
806
434
150
0
582
465
765
184
45
960
30
119
573
90
481
3
45
838
394
12
989
651
838
788
213
907
129
330
782
789
91
940
223
242
292
157
59
58
693
104
18
724
575
943
166
409
298
564
247
692
576
236
696
767
24
909
26
153
591
808
294
35
101
870
629
393
379
688
803
73
144
821
149
72
116
315
481
414
879
728
107
808
964
803
575
340
64
601
845
7
761
139
42
214
9
671
608
389
359
411
814
856
585
963
928
701
630
761
116
510
841
575
670
805
730
597
497
146
198
342
153
311
481
196
526
843
867
486
584
579
897
398
435
482
713
715
536
343
476
4
205
317
579
227
474
661
824
323
807
374
665
960
686
498
508
564
341
728
50
277
307
299
27
94
134
740
161
670
436
989
26
993
306
957
221
132
618
45
455
777
420
472
737
458
970
598
374
664
326
776
941
633
75
321
79
209
61
240
231
849
229
257
843
887
214
416
371
184
461
178
961
233
650
51
43
972
649
417
636
975
193
930
960
621
251
391
830
664
631
414
514
212
671
709
451
238
125
822
422
938
0
736
172
2
787
215
974
436
985
963
763
530
245
723
151
848
114
982
512
97
748
378
661
771
439
112
9
564
934
784
855
286
872
27
288
659
594
614
447
931
577
210
462
174
285
613
22
751
947
887
200
695
617
861
467
57
973
828
973
907
964
828
545
836
207
833
495
154
447
294
85
377
504
899
551
141
513
926
892
460
813
92
508
782
953
975
839
278
155
165
537
120
345
82
956
553
267
804
59
67
98
144
444
955
44
347
96
909
273
341
721
438
785
229
221
91
556
412
369
712
577
907
184
275
989
492
828
257
296
239
324
747
383
120
54
779
819
502
40
445
843
762
883
629
343
456
72
900
869
441
964
798
700
148
73
42
640
253
651
289
492
327
36
228
799
442
359
618
944
400
63
140
514
299
121
857
755
193
109
976
986
73
127
687
221
552
81
862
806
732
503
650
59
891
230
210
333
590
828
277
342
244
417
208
543
890
417
650
83
527
979
70
600
106
109
174
10
190
388
168
922
891
819
333
782
401
895
115
343
723
744
37
967
514
245
862
404
663
865
840
542
844
910
494
302
371
668
312
561
56
833
835
299
652
520
81
405
415
548
749
490
293
786
810
159
32
672
563
47
889
403
941
733
665
435
387
388
456
52
949
864
885
136
164
889
656
245
294
423
794
43
914
439
830
724
598
214
748
513
613
638
269
906
723
286
693
111
675
149
515
624
14
400
113
178
289
121
775
935
545
569
979
811
8
161
535
958
727
283
472
692
273
741
598
997
27
291
108
702
441
975
679
807
375
792
985
16
913
760
951
810
682
930
621
42
443
156
1
170
792
825
862
65
566
460
414
945
104
874
0
545
849
679
352
224
823
689
592
736
801
544
899
483
826
520
878
270
29
879
792
821
704
7
238
622
467
5
567
923
879
567
468
729
598
172
305
421
213
898
510
15
442
409
850
620
929
728
242
958
959
35
131
663
42
722
637
861
727
205
785
606
124
605
687
723
130
993
144
343
243
654
710
37
415
561
657
345
289
900
655
249
935
787
264
329
861
902
542
588
459
327
546
583
285
234
658
415
579
803
110
174
809
821
211
225
734
868
922
375
768
577
976
55
364
241
736
225
495
279
165
306
958
712
889
243
298
548
10
229
703
473
403
864
646
966
89
380
834
11
755
955
941
732
10
305
325
99
883
172
378
400
478
336
464
719
932
114
619
942
695
322
767
98
187
413
416
628
145
251
640
901
206
581
985
568
238
662
667
473
834
397
226
664
734
690
383
666
805
3
960
500
677
80
951
864
493
367
845
639
970
837
892
528
770
877
97
360
891
116
834
725
514
60
389
600
102
124
618
907
127
930
760
157
10
63
373
504
782
218
495
753
55
387
281
825
616
730
186
507
199
372
232
65
784
973
665
886
97
283
146
577
213
258
734
576
321
459
80
103
678
575
208
733
314
490
911
930
572
449
789
771
821
373
836
957
698
853
843
795
488
341
724
54
599
810
630
272
270
62
728
300
989
936
33
303
778
296
585
351
745
374
474
918
99
663
875
797
516
71
944
357
764
669
411
716
831
393
988
453
455
68
753
444
5
139
99
783
435
36
486
533
410
961
803
861
976
679
658
492
102
602
849
866
623
612
582
807
5
923
260
812
991
366
256
996
505
707
132
292
743
970
825
505
283
629
366
259
660
24
752
762
979
953
980
954
918
563
761
275
838
374
88
829
740
696
178
245
404
662
889
147
632
67
653
916
696
19
175
708
396
279
822
375
233
802
329
503
717
91
778
907
465
218
737
557
915
915
802
319
929
43
466
561
110
119
477
158
491
653
866
887
932
40
262
517
843
943
372
912
386
151
820
203
369
909
760
636
176
914
955
105
958
774
666
68
245
496
227
736
149
445
623
433
486
237
303
681
533
675
945
919
178
117
123
900
26
235
536
202
150
492
659
108
266
678
528
511
174
755
600
675
201
223
108
39
813
763
720
698
439
665
617
617
783
92
517
161
328
54
716
830
898
375
938
516
53
466
27
579
574
627
254
127
203
363
166
368
478
238
66
917
255
35
887
390
480
756
552
160
162
620
990
412
995
928
928
401
746
956
980
320
935
235
799
490
950
965
858
428
555
276
698
811
664
585
201
144
693
105
304
208
725
294
620
73
574
549
826
320
857
806
993
792
393
792
283
695
110
493
124
665
122
174
476
786
111
30
282
804
487
586
12
213
232
633
638
806
534
464
478
391
270
471
535
16
616
170
711
726
664
187
743
138
361
572
924
472
602
558
277
441
144
641
654
376
626
292
534
160
108
12
903
379
836
439
747
452
609
458
178
273
998
273
763
359
845
39
832
799
597
461
241
741
454
895
469
433
540
355
593
648
368
849
379
204
288
126
8
897
937
538
523
935
811
286
646
657
326
830
456
923
643
697
17
98
945
838
531
837
194
476
485
562
325
217
118
965
695
126
863
984
664
738
271
475
24
918
484
702
748
941
978
392
990
995
842
935
833
725
772
27
201
610
941
879
827
59
844
874
537
59
859
201
797
130
29
174
400
513
876
149
806
854
893
797
201
87
84
35
812
209
414
365
819
356
244
998
767
441
872
305
500
83
858
650
566
887
824
966
753
52
467
559
907
712
708
460
799
793
847
611
2
262
977
173
970
573
523
89
366
747
746
219
831
605
869
397
492
45
363
597
97
183
157
356
895
217
817
695
10
664
306
364
278
635
537
600
561
412
690
927
160
436
146
991
393
15
740
238
60
455
835
510
638
344
866
534
562
683
581
924
700
239
289
978
875
178
931
788
591
973
715
103
761
214
94
155
581
186
393
642
641
580
504
632
925
370
518
839
406
99
763
106
338
52
436
565
583
367
353
526
340
69
629
454
635
723
609
216
261
354
858
254
934
714
886
859
85
404
50
491
503
814
949
194
866
385
759
801
105
113
327
797
534
956
251
169
31
860
385
292
214
596
547
501
310
785
712
747
190
763
238
45
577
539
239
795
925
351
597
30
464
276
827
350
233
79
871
616
291
608
909
858
204
808
359
867
593
423
966
135
186
557
533
763
96
772
911
21
475
508
403
939
784
231
641
369
662
512
986
305
121
247
163
677
55
874
896
0
298
863
488
484
420
373
600
516
145
511
890
621
371
293
912
507
876
906
229
538
418
215
844
891
814
359
921
221
586
169
573
884
32
61
720
804
434
672
321
932
183
563
905
906
856
169
766
733
75
995
623
846
562
819
89
376
531
362
949
117
532
522
1
564
936
73
721
722
746
394
6
281
957
911
188
165
433
306
250
860
653
226
58
215
45
500
943
928
862
892
45
746
414
398
663
702
472
384
425
218
778
431
499
87
695
39
252
128
345
503
340
998
729
751
565
126
251
860
55
465
752
452
212
519
851
875
573
675
611
998
245
389
430
744
476
125
136
728
605
833
583
297
184
664
48
749
791
299
962
198
117
66
650
329
937
853
556
511
528
167
509
773
908
291
870
736
416
358
816
373
191
400
671
727
64
71
829
207
371
791
757
840
857
408
521
795
613
77
658
494
596
167
267
856
459
489
592
227
847
408
953
391
160
976
118
577
47
947
784
770
90
542
610
948
302
131
95
915
560
753
409
508
272
29
364
83
870
308
663
70
717
616
461
877
944
931
454
991
231
591
762
321
485
724
621
787
856
716
54
768
821
816
629
94
197
993
529
67
654
192
137
371
160
950
600
104
882
407
96
113
350
210
786
835
934
408
974
142
476
380
263
298
196
892
744
745
237
273
165
891
466
302
614
978
605
215
83
839
974
531
304
324
741
90
159
27
498
485
522
975
865
785
625
414
677
369
159
266
642
676
158
460
979
124
439
936
691
874
775
665
405
79
989
146
169
500
525
20
337
47
995
203
832
972
969
861
341
480
480
983
157
638
796
488
114
235
424
806
109
199
471
866
630
813
364
799
665
889
171
3
937
166
558
121
138
879
335
831
359
815
167
868
805
963
356
919
550
132
725
11
683
197
877
313
362
241
465
379
130
636
734
419
155
292
541
645
171
876
477
883
691
644
751
496
607
108
415
509
592
493
520
276
42
397
589
404
638
54
783
120
691
518
540
846
162
81
491
686
309
320
569
352
964
672
848
923
132
615
432
725
108
952
1
150
701
942
906
339
997
42
812
40
560
352
238
74
785
81
760
94
402
681
446
718
354
646
642
838
613
426
563
722
379
564
224
432
859
131
124
856
173
936
248
85
288
838
511
425
919
624
871
673
657
669
392
11
315
386
850
928
812
765
2
543
682
579
976
541
710
452
749
235
388
997
672
28
187
183
453
106
159
324
132
817
993
524
180
660
262
382
940
426
148
943
970
830
522
298
723
584
102
472
171
490
821
843
518
8
378
323
466
538
999
598
707
992
474
887
4
736
270
944
163
770
239
485
952
113
135
675
49
237
147
220
79
320
415
597
328
794
272
794
684
271
393
743
263
867
630
619
956
252
563
471
22
155
956
974
268
443
649
318
680
148
538
759
468
306
708
148
100
980
943
136
251
688
879
866
907
861
485
863
114
400
686
136
555
642
111
176
437
112
494
469
261
384
580
81
42
288
230
494
620
173
630
223
213
861
89
472
723
926
688
189
679
374
325
234
369
788
762
806
253
608
276
866
345
856
947
387
497
177
882
117
702
864
693
267
726
782
740
801
61
428
990
740
802
667
326
171
808
89
330
413
697
606
279
42
462
226
782
311
756
664
429
810
528
122
430
606
256
170
407
669
598
749
761
752
769
88
276
577
529
606
342
578
212
621
973
26
199
755
338
307
771
119
118
299
593
548
906
201
70
665
871
20
767
984
124
536
72
400
465
953
358
807
884
570
780
857
949
979
964
639
287
735
758
757
386
351
657
644
904
79
662
775
99
429
760
223
965
184
976
782
490
334
941
374
257
721
583
206
700
899
845
339
986
955
448
724
658
457
369
562
536
31
690
987
812
450
211
129
986
539
911
828
873
852
202
130
573
137
336
625
388
533
317
374
488
117
99
498
575
820
61
111
851
751
99
15
553
662
144
891
201
407
720
74
611
274
557
536
412
245
161
800
779
830
527
619
948
626
470
523
446
531
986
649
634
437
16
187
451
160
78
652
919
150
79
530
425
988
66
189
233
579
341
364
410
868
336
358
846
806
233
292
337
219
293
323
9
309
510
460
821
940
465
740
443
896
270
868
884
336
409
117
268
750
482
678
619
170
388
465
976
621
110
665
192
755
988
553
417
850
14
238
142
831
331
585
727
601
805
611
290
214
80
558
965
914
588
936
84
976
753
60
949
215
725
493
971
65
47
740
915
413
978
58
244
309
995
971
263
801
934
905
367
14
463
332
929
51
620
13
379
374
426
328
589
503
821
912
569
220
652
836
633
983
246
877
292
242
848
907
395
782
812
762
149
627
95
78
678
715
443
409
441
221
89
383
725
911
295
646
483
300
482
117
283
729
994
575
323
195
835
718
977
647
480
126
275
927
556
305
643
352
715
436
573
804
819
650
67
467
296
551
767
131
668
50
860
14
977
183
209
812
253
539
812
733
17
87
661
574
744
656
278
811
92
203
616
264
854
35
731
502
938
498
633
958
548
845
973
525
380
534
690
633
73
502
719
91
589
380
17
333
388
295
145
480
498
113
96
352
500
827
207
439
325
840
749
225
38
74
751
770
609
793
756
682
295
475
773
884
207
790
569
595
85
66
427
936
531
524
640
32
351
847
823
29
40
924
254
78
999
357
200
608
150
956
642
445
783
416
681
990
558
603
585
996
21
13
932
553
537
572
937
240
420
112
269
460
36
876
890
387
585
442
347
88
399
990
533
534
758
567
525
316
522
462
664
543
827
596
448
364
521
385
957
293
849
578
105
238
454
995
625
40
789
973
128
540
315
13
75
73
932
952
741
454
414
406
350
242
2
798
958
523
184
915
816
385
846
921
623
300
268
249
692
58
574
172
950
241
538
25
314
822
977
55
629
744
461
979
986
816
777
296
691
313
564
860
699
410
133
322
62
754
923
107
164
849
631
114
90
169
140
756
344
469
812
973
213
625
952
551
441
81
848
485
395
764
345
446
174
478
768
588
232
44
695
396
893
327
511
336
848
3
92
544
472
256
517
38
882
821
589
675
903
789
160
650
553
505
96
79
336
216
668
568
260
715
317
506
394
180
842
595
535
934
139
7
191
657
397
425
830
987
100
733
776
261
383
682
118
831
761
454
48
781
375
308
849
44
166
243
224
8
838
111
295
330
470
838
987
868
263
169
855
715
903
983
328
638
665
447
470
779
901
870
560
628
530
409
672
697
5
248
705
195
359
352
525
830
190
864
50
805
34
905
873
937
240
201
927
258
648
749
37
902
619
949
530
150
711
555
847
716
803
904
911
163
609
437
345
151
653
395
957
687
652
830
624
244
383
904
502
32
653
539
286
625
841
816
775
552
371
974
620
527
230
883
42
839
672
739
991
326
134
300
13
138
482
990
382
865
894
885
249
899
776
535
524
969
704
651
873
427
977
493
954
560
729
348
751
753
87
742
79
221
394
445
711
228
787
94
446
681
331
695
932
459
583
809
429
287
812
302
66
790
148
21
350
229
369
453
982
457
548
414
30
942
859
94
523
646
188
969
679
871
664
963
330
599
772
759
238
585
414
305
727
914
678
429
143
399
882
125
208
430
539
239
725
398
685
248
396
873
217
75
96
233
39
426
833
163
538
71
748
304
376
475
218
406
904
361
806
787
486
14
569
378
605
294
128
290
542
525
515
759
952
611
345
343
38
178
507
928
601
607
232
978
435
450
384
691
163
542
830
1
557
400
379
514
694
508
805
589
33
320
700
337
284
45
681
674
223
540
602
825
499
186
155
934
636
891
626
151
786
456
152
343
856
532
209
903
40
14
492
425
687
192
114
971
238
147
997
813
39
599
990
539
785
497
473
773
741
451
924
527
260
428
222
116
960
431
371
352
446
863
129
485
408
244
808
998
743
805
163
783
756
154
322
541
3
147
666
744
599
942
271
859
370
845
327
683
277
51
387
75
914
517
560
674
113
720
672
856
525
836
639
633
342
313
174
345
461
192
442
412
134
65
623
856
911
950
891
188
1
279
615
268
148
527
294
613
247
319
821
124
155
461
757
849
126
283
546
587
475
988
999
961
54
974
169
317
925
61
857
278
692
472
898
840
999
193
453
246
512
626
722
19
87
479
220
566
762
766
153
589
755
505
550
161
479
719
478
756
132
335
387
824
807
637
664
806
830
469
404
694
96
126
65
535
605
285
101
719
52
607
308
159
112
210
320
943
281
798
52
414
485
439
238
292
76
903
450
259
724
854
305
172
332
371
708
289
8
161
8
60
768
668
219
232
878
891
528
159
689
580
573
526
371
812
818
447
67
620
58
143
826
364
316
158
87
376
447
95
889
807
508
658
475
727
242
705
971
770
217
12
702
790
539
73
954
709
873
373
330
931
869
156
647
185
667
734
913
466
182
802
274
690
812
101
769
55
159
740
177
376
753
880
518
292
953
825
1
826
198
683
110
67
840
109
604
859
844
517
325
26
672
951
716
484
405
837
891
564
578
69
940
331
949
810
975
254
635
976
433
186
12
895
253
852
4
210
711
200
79
388
578
751
340
294
588
745
132
479
661
62
900
953
393
201
763
720
456
399
696
241
585
708
488
190
912
492
752
975
693
832
716
271
935
56
918
875
153
402
355
166
464
607
119
209
809
882
929
617
633
977
858
570
38
346
113
302
190
865
278
235
49
346
507
337
754
777
212
907
531
919
73
995
527
544
556
336
778
837
953
412
814
163
334
204
861
447
507
51
665
137
287
66
483
146
403
237
923
968
496
454
887
921
801
414
465
709
750
243
546
55
7
712
218
694
917
431
493
776
483
158
913
122
577
748
268
332
337
543
300
833
349
188
106
502
602
571
211
705
166
109
112
526
821
331
220
90
762
713
866
597
224
131
719
801
231
339
133
568
234
434
753
583
622
859
437
576
430
648
633
949
757
746
475
931
429
695
21
543
760
240
141
984
723
212
785
955
904
271
523
138
705
629
74
679
488
511
607
271
160
241
220
269
339
47
552
768
742
926
311
502
166
804
839
241
17
624
196
921
247
72
411
952
701
485
983
189
997
943
812
509
536
32
130
875
79
35
643
173
961
306
28
479
111
867
720
128
843
269
401
91
693
164
395
394
650
731
935
999
674
748
860
210
132
342
85
212
377
80
737
690
386
765
169
497
984
242
977
828
511
730
919
556
895
666
950
897
397
237
248
71
337
108
281
470
802
718
34
180
798
123
870
185
889
392
34
225
634
364
53
497
94
324
53
341
991
355
590
388
944
838
460
634
298
93
456
101
812
490
633
962
965
855
499
854
247
886
432
233
250
485
82
696
810
487
38
153
194
628
541
491
819
353
125
117
799
581
570
611
423
555
925
388
411
425
595
10
663
27
596
913
512
30
609
674
518
999
827
64
628
721
555
799
74
680
916
873
261
839
836
684
394
762
425
157
539
20
168
202
47
764
467
559
146
76
586
664
76
413
729
56
134
636
855
561
317
123
434
930
314
623
967
709
385
392
866
276
412
386
830
459
502
297
370
649
725
956
313
801
722
394
209
208
383
416
769
700
892
556
982
206
179
949
915
564
693
134
192
105
520
22
916
23
671
639
672
396
947
337
550
21
84
111
230
467
528
999
519
420
555
853
626
734
155
894
650
848
380
194
306
900
568
222
275
239
213
299
988
161
989
538
534
73
649
764
892
177
116
763
949
23
616
928
758
771
822
760
972
202
955
278
454
523
852
730
115
66
381
103
579
370
993
113
795
642
230
39
172
346
802
121
369
771
49
479
542
223
240
514
777
547
144
232
422
997
314
889
63
695
992
994
418
985
107
213
980
689
253
152
35
55
625
405
178
27
236
73
250
476
939
380
375
84
964
150
81
630
39
496
325
384
490
743
721
949
309
701
639
562
853
674
969
831
431
148
858
668
221
460
496
160
192
224
596
156
374
677
786
765
173
464
149
15
559
223
317
868
924
956
782
130
982
752
961
766
252
171
786
825
631
282
985
176
858
934
332
232
611
119
350
137
935
851
504
494
74
821
715
999
777
497
481
112
601
442
878
853
965
664
678
948
298
16
124
157
950
457
741
913
928
91
402
215
295
907
709
369
728
776
720
858
274
201
970
875
995
200
81
960
864
111
261
514
479
385
671
781
194
765
47
474
208
449
689
503
356
751
873
437
527
945
295
801
147
617
29
142
817
462
455
33
925
716
547
405
453
571
186
0
336
585
474
544
35
164
400
743
915
273
532
442
218
179
596
717
796
977
212
965
439
19
350
364
87
898
121
540
821
660
540
509
245
15
53
632
531
453
376
798
78
908
592
649
88
540
718
236
517
930
202
308
949
552
25
36
802
146
929
975
806
821
484
404
188
890
36
71
695
764
869
126
25
462
775
113
2
845
701
872
776
255
180
77
160
205
466
314
704
747
290
862
568
774
266
757
664
303
828
712
67
50
838
92
864
965
557
218
810
611
90
586
866
623
16
378
828
482
693
884
581
983
747
149
109
13
258
126
668
439
838
88
841
676
532
705
993
442
923
803
53
14
742
271
637
758
650
817
592
343
54
173
678
801
674
139
166
285
265
187
724
455
627
565
131
159
622
476
953
545
280
358
911
22
630
548
132
632
718
724
327
124
249
357
925
275
496
443
560
762
982
284
217
609
201
701
121
823
177
74
721
809
433
632
831
415
533
963
47
251
39
726
727
640
83
652
916
579
447
476
693
430
113
263
39
666
964
160
490
493
587
211
303
20
843
486
787
376
802
186
979
193
912
706
834
347
710
750
926
510
226
972
940
691
235
331
358
551
844
200
396
431
411
699
803
606
538
942
335
340
128
666
533
40
725
719
739
787
469
665
297
48
989
589
739
576
273
449
127
469
649
524
252
412
575
407
19
465
349
706
805
477
372
691
869
449
410
608
237
232
625
886
632
967
828
723
543
453
173
671
922
822
547
526
235
474
933
606
940
282
664
97
111
388
140
332
838
903
940
427
135
917
665
119
884
493
842
780
298
15
803
220
190
350
746
777
176
31
735
468
313
399
566
776
787
58
108
625
961
400
404
448
670
70
567
906
915
762
686
214
777
489
786
319
191
885
96
368
916
831
836
582
582
754
358
370
813
819
347
126
571
752
575
241
174
494
500
89
256
186
655
386
28
442
705
219
679
154
939
595
337
128
529
920
882
240
642
47
59
989
174
630
93
101
224
267
595
724
709
204
262
716
590
290
158
647
862
837
153
801
785
491
929
314
763
164
554
405
211
965
746
737
948
840
838
524
459
786
248
520
342
862
237
932
153
747
931
15
937
85
168
722
928
450
388
691
614
295
96
177
612
194
915
560
386
105
84
846
243
684
718
585
547
955
869
52
55
801
419
992
238
587
66
166
389
454
857
355
101
305
533
714
851
800
626
238
905
711
436
149
747
154
86
646
462
956
698
517
757
117
509
347
57
575
513
446
381
722
154
483
379
687
549
230
839
175
468
96
886
904
597
986
411
684
632
873
640
331
390
749
800
251
96
857
826
961
656
559
683
810
42
62
849
591
644
40
767
113
136
5
369
734
991
780
770
976
5
410
307
395
511
459
646
607
317
824
568
325
384
603
487
778
17
688
370
661
728
489
126
216
846
848
302
838
628
72
814
634
834
473
381
345
932
380
304
601
204
872
278
940
827
117
719
844
805
441
858
885
930
336
102
776
184
756
966
165
829
132
151
663
957
884
361
890
264
665
843
821
890
474
761
717
591
832
914
397
273
124
634
203
460
736
332
997
493
650
514
674
783
17
689
740
901
50
982
518
68
178
339
958
652
452
27
243
285
941
992
910
417
627
466
878
715
798
227
208
448
93
234
583
110
924
324
11
326
658
529
394
836
220
704
840
25
732
84
310
25
428
220
443
55
686
673
771
836
900
331
637
345
566
220
455
842
896
818
520
907
700
267
743
920
971
936
945
703
372
607
81
800
180
524
208
218
197
979
407
449
662
44
794
580
616
249
422
513
67
295
420
119
562
515
40
533
451
337
589
175
297
670
976
829
546
184
47
743
515
806
544
177
850
338
758
467
939
532
332
358
827
104
478
389
619
870
275
423
559
216
598
856
886
926
685
432
462
85
527
977
891
71
155
94
761
265
913
700
797
597
58
977
701
888
718
320
758
993
95
670
209
694
526
447
620
564
231
83
1
758
412
244
181
919
690
942
184
603
642
334
200
53
311
901
293
381
574
404
375
669
74
936
715
600
384
688
516
615
123
517
726
535
114
907
455
804
202
991
408
196
677
960
601
340
214
895
722
788
299
97
809
373
385
525
325
769
213
194
737
336
63
815
871
177
74
678
982
276
22
742
473
699
54
74
392
268
321
114
408
972
563
218
345
948
743
23
70
308
569
159
644
632
326
867
162
400
898
496
29
920
590
854
971
644
280
363
913
602
829
673
574
744
891
272
45
986
647
115
646
568
626
642
552
952
510
714
704
760
210
733
32
152
939
3
797
220
719
62
174
900
735
100
645
979
372
42
317
371
509
964
939
135
606
492
439
468
558
143
580
121
229
612
273
168
968
422
740
39
484
266
939
572
367
936
551
91
978
868
463
487
184
754
974
143
598
413
611
509
909
192
630
490
156
255
658
124
678
751
163
162
17
455
734
384
743
285
828
722
506
643
561
42
397
536
185
348
301
797
857
562
341
839
52
497
94
63
974
772
814
489
935
183
944
669
920
688
307
748
762
165
391
323
207
140
211
745
488
865
542
697
427
235
536
832
84
631
895
410
403
61
900
338
244
196
360
164
884
19
264
998
536
655
674
95
796
237
840
636
102
734
334
882
969
222
714
406
853
961
816
257
22
68
947
618
265
307
783
149
678
399
500
214
55
174
310
203
411
150
191
514
885
525
748
206
100
814
964
953
775
133
210
149
201
158
767
466
817
902
968
848
302
468
62
709
642
724
912
405
227
455
271
464
333
19
22
433
185
987
386
312
120
949
461
673
459
229
492
276
483
812
124
785
632
539
494
626
263
758
31
490
214
303
306
899
674
329
332
860
316
718
172
788
667
986
813
126
567
305
755
50
117
231
188
749
770
34
375
386
793
759
228
359
62
535
258
88
864
942
948
532
660
473
320
680
811
133
158
378
791
265
780
908
497
968
10
619
3
737
5
148
496
586
507
910
121
117
999
985
411
299
869
71
772
189
103
935
674
614
313
465
879
94
726
376
62
88
996
417
825
353
565
674
939
424
584
60
893
935
397
304
235
266
728
359
807
831
295
834
445
608
299
325
54
377
53
469
465
49
886
643
755
452
317
694
876
253
107
770
189
504
426
424
123
154
135
282
986
430
116
783
391
416
460
797
145
514
266
611
915
505
254
670
309
923
717
537
176
824
659
365
328
86
141
803
240
629
86
578
59
202
362
802
970
174
600
116
688
866
727
956
723
333
978
32
256
695
570
432
519
229
150
200
315
643
3
556
272
89
486
684
644
848
486
966
23
86
82
63
305
161
371
28
494
350
413
102
45
983
887
565
212
37
765
880
32
120
788
657
562
274
341
206
475
179
172
850
266
607
265
923
120
637
303
967
987
716
69
384
699
956
301
264
345
418
496
378
539
284
387
453
558
728
659
385
907
183
235
525
142
501
800
263
490
104
230
829
820
299
213
872
608
515
136
953
285
632
683
824
268
422
277
826
502
288
564
410
824
799
287
318
652
88
581
142
192
163
971
364
815
537
236
423
52
372
728
689
356
764
866
624
186
143
803
689
784
367
451
960
518
90
278
171
530
212
665
722
375
637
439
190
526
675
965
578
400
46
619
756
810
485
733
348
981
536
389
765
255
192
77
125
283
355
296
813
919
314
888
295
303
327
837
829
354
155
759
754
201
378
863
363
864
948
63
845
836
805
962
91
997
39
216
632
746
865
798
666
531
686
313
834
365
502
663
71
9
774
178
562
152
393
925
368
341
341
565
177
146
527
620
495
918
188
128
17
405
926
35
936
964
700
770
329
202
785
752
564
559
930
126
64
323
404
432
16
745
998
193
243
877
165
738
148
354
866
165
759
792
200
696
108
900
818
789
454
604
542
18
515
472
497
931
148
901
364
164
646
714
710
889
943
875
627
91
581
846
608
341
990
160
389
99
412
559
888
867
515
430
237
31
255
86
962
755
987
678
919
985
744
981
874
40
209
854
483
790
52
92
483
42
252
872
493
17
784
382
884
299
164
473
330
419
560
645
174
899
675
446
885
420
427
111
812
988
317
295
779
369
739
262
764
992
487
257
9
271
639
245
570
156
70
253
575
982
250
102
882
925
900
119
697
679
230
509
668
548
157
447
269
896
61
33
240
900
291
601
523
282
846
446
438
269
699
366
603
301
820
837
226
720
956
276
751
539
137
419
439
294
218
708
543
632
742
783
532
385
385
56
19
583
854
458
852
905
176
808
206
996
645
784
68
954
60
819
493
550
239
932
844
809
640
387
441
734
523
974
471
908
382
491
491
588
301
696
493
477
504
699
473
501
483
893
455
896
712
948
446
303
880
642
113
873
382
554
959
905
880
431
165
614
922
656
202
223
704
695
52
208
394
877
710
230
770
517
126
482
466
924
786
698
566
899
571
300
805
883
205
38
314
722
652
588
379
855
811
435
902
863
644
649
92
706
879
862
223
357
344
41
633
482
740
551
733
663
852
539
546
409
577
860
132
581
448
863
436
611
298
691
826
294
340
918
0
571
780
576
280
477
969
913
311
709
816
45
725
668
584
271
78
513
484
210
94
284
73
883
248
723
926
426
18
266
345
370
189
477
298
821
306
268
86
618
329
902
663
54
571
599
678
1
464
514
211
558
798
636
793
398
711
719
825
729
337
170
100
878
999
398
699
658
666
785
276
996
688
291
402
259
890
80
260
354
594
823
264
745
811
410
143
522
481
968
252
819
490
704
697
490
102
397
148
121
534
776
469
222
67
871
833
957
952
93
663
898
268
279
643
79
689
787
954
171
755
558
342
246
262
391
88
716
788
588
837
675
364
306
897
783
530
731
92
834
176
755
732
445
386
376
876
428
515
830
599
622
388
293
220
650
684
308
367
825
248
556
500
964
215
397
747
745
480
839
931
657
946
663
102
333
391
330
761
906
161
712
529
901
5
749
552
689
410
271
514
10
179
366
975
394
764
722
491
596
562
422
253
860
438
707
193
829
38
954
88
199
666
969
100
23
70
4
65
832
627
931
843
159
298
818
553
414
892
397
10
806
171
264
667
609
971
860
791
361
167
879
560
185
848
13
209
918
369
274
751
349
205
946
508
503
764
413
269
656
162
280
815
334
896
482
295
219
342
86
581
861
965
493
47
165
858
256
436
228
882
539
929
439
485
789
943
249
554
564
257
717
844
72
403
740
906
698
312
601
785
893
462
102
386
509
268
245
117
704
825
351
243
106
791
80
895
86
681
449
650
938
166
847
363
921
939
621
620
251
222
405
144
685
859
531
546
127
128
16
183
305
367
778
411
510
858
306
596
539
107
599
830
626
446
545
547
385
166
167
637
389
924
781
426
784
664
324
263
144
340
447
449
60
577
860
570
436
518
519
327
978
118
509
604
916
54
151
301
573
671
290
314
595
424
740
731
88
64
995
585
757
794
34
817
371
247
739
807
117
258
487
95
728
348
51
996
403
203
298
328
226
940
642
821
364
734
905
805
798
900
390
555
694
424
724
65
23
464
225
141
74
64
588
155
412
640
151
167
195
801
495
421
742
489
594
458
223
499
263
374
751
653
929
797
430
6
863
453
822
440
946
248
856
887
403
268
527
907
436
74
60
283
847
154
125
441
613
348
293
228
722
44
882
4
842
312
10
57
117
184
849
64
432
705
303
188
973
182
95
761
256
507
397
103
14
522
896
979
870
189
207
945
586
89
949
428
753
311
837
871
495
686
287
927
743
942
115
716
124
562
830
380
422
579
835
436
101
731
415
323
273
974
620
859
64
569
639
169
232
476
392
727
514
679
7
257
621
122
325
97
37
507
477
811
86
664
247
539
396
14
863
669
988
483
880
404
405
519
574
637
347
318
717
861
998
724
470
971
198
795
421
587
655
250
398
741
915
997
281
663
363
496
332
352
331
564
108
736
83
34
726
430
353
443
643
703
519
113
26
717
260
447
305
915
698
55
657
613
53
290
276
416
786
960
120
469
876
229
206
959
263
284
389
968
727
384
671
598
497
50
315
757
497
972
25
547
28
34
160
81
324
788
497
462
100
618
931
976
199
489
287
814
773
28
783
852
412
806
450
909
856
118
19
706
90
44
253
118
78
766
199
754
906
49
568
7
19
499
335
218
341
623
384
466
651
519
671
64
326
121
325
534
591
344
240
682
740
846
152
170
612
352
276
518
753
844
877
772
696
213
342
389
188
78
855
191
598
526
607
276
0
285
810
591
981
403
625
722
249
778
244
213
482
521
731
235
717
961
359
765
526
53
154
714
131
10
257
81
888
865
357
888
502
520
832
483
275
809
205
876
587
802
89
421
675
172
8
392
133
367
158
659
772
664
725
256
674
983
337
915
200
47
155
702
919
339
185
546
149
743
422
88
897
863
510
572
35
518
964
169
238
474
180
10
139
906
266
165
241
956
432
441
355
588
495
626
927
32
172
428
127
946
517
24
809
27
596
196
545
913
717
783
739
898
146
230
804
764
748
397
720
180
190
427
768
685
405
48
69
929
476
197
875
993
221
36
372
170
233
918
83
950
53
822
200
199
53
356
964
801
753
36
333
943
816
454
980
221
502
50
151
330
599
378
676
820
415
48
990
0
318
425
302
372
248
503
923
653
859
239
806
613
628
139
556
444
593
889
17
447
939
168
130
538
899
806
710
314
854
53
314
525
478
968
249
78
471
524
83
331
764
889
296
392
381
204
188
326
93
205
774
384
726
256
922
625
62
985
291
268
38
957
793
868
925
394
299
397
919
734
80
683
976
376
427
357
580
967
683
26
524
809
410
250
65
685
227
479
670
518
748
60
475
893
280
401
288
579
150
207
314
230
242
290
606
21
999
538
988
34
564
512
196
975
115
613
12
342
93
682
861
193
742
688
86
374
441
726
954
591
285
620
821
527
262
779
548
613
670
888
647
586
401
195
913
516
809
925
858
254
607
71
447
701
760
885
76
201
612
382
145
249
354
318
777
968
98
677
933
120
566
580
706
319
128
620
187
289
897
397
543
505
469
342
558
581
227
986
134
191
720
279
441
426
598
570
746
48
247
679
168
165
612
226
484
740
198
671
29
96
69
572
953
890
914
863
471
493
202
605
37
922
237
478
701
187
400
447
235
647
127
755
813
739
333
649
831
532
321
860
980
742
784
285
632
50
148
455
895
350
412
932
625
649
762
326
836
162
125
423
162
252
178
327
343
512
976
174
396
649
386
376
391
522
661
375
572
161
830
468
864
243
752
489
244
515
167
433
29
644
856
191
897
387
518
592
899
847
119
647
496
505
23
240
380
36
615
952
197
446
772
413
41
525
902
637
392
421
70
421
66
927
965
315
314
835
259
565
682
378
564
531
236
587
771
616
975
386
920
524
184
693
938
577
570
192
215
962
614
285
735
32
564
52
699
230
888
958
147
922
337
711
453
925
650
224
893
625
963
813
502
499
858
792
77
428
984
644
742
950
929
830
982
846
882
681
428
770
992
576
693
681
639
146
606
290
723
499
267
38
664
121
537
523
913
614
303
250
610
46
200
892
876
535
738
758
568
518
881
560
446
926
241
86
72
199
728
147
50
347
185
715
469
723
238
734
689
541
984
652
939
185
544
167
72
282
278
640
152
159
201
599
437
794
685
861
994
765
9
396
112
546
111
933
621
701
668
663
595
652
315
534
189
859
54
261
493
332
254
645
843
807
244
280
601
281
141
947
398
502
344
511
49
807
796
670
509
816
333
104
821
648
990
10
859
396
624
352
80
878
998
923
685
594
555
638
228
49
938
626
551
282
489
952
441
286
623
950
102
308
406
275
309
749
286
168
497
262
521
578
492
871
853
177
817
409
167
45
810
105
24
361
739
513
666
181
151
641
483
606
949
242
881
610
343
519
779
840
781
652
418
273
875
272
802
692
33
322
90
843
779
466
556
519
979
574
52
131
215
887
89
165
481
970
127
824
490
906
17
623
910
787
897
137
411
51
182
444
373
272
639
153
738
548
24
69
122
428
552
338
667
641
855
149
964
982
973
454
241
342
77
503
130
326
641
541
730
823
338
103
95
977
608
185
877
984
606
0
412
159
690
80
152
545
581
116
879
906
922
472
249
0
976
379
678
617
920
408
440
610
864
887
588
472
424
817
809
30
817
221
541
507
653
694
404
234
162
636
141
85
108
742
437
84
121
115
53
393
524
493
4
388
732
944
212
508
761
21
539
931
595
432
790
600
478
195
835
641
183
328
726
291
422
163
728
543
630
781
288
154
627
644
894
711
588
459
220
702
832
111
633
427
543
423
28
22
970
215
15
153
895
741
797
317
256
877
212
886
658
500
393
637
497
639
701
85
450
921
787
283
384
772
62
279
196
442
301
518
9
668
672
904
409
821
573
17
698
137
256
708
990
1
698
487
640
399
572
443
672
712
726
56
484
788
335
32
231
989
551
240
657
575
497
419
396
422
788
446
560
44
506
550
45
204
37
38
603
961
481
627
25
559
683
510
347
371
894
930
712
445
523
721
372
20
492
120
794
281
918
354
677
425
904
75
629
293
113
585
607
946
212
632
505
248
494
204
971
389
135
683
186
10
756
911
382
249
31
176
882
950
531
559
375
787
634
356
433
99
941
40
45
154
672
902
402
167
107
373
908
594
408
94
604
164
357
986
765
389
514
647
691
45
207
66
185
193
422
618
293
364
658
690
870
330
945
624
849
404
349
757
998
757
204
954
273
561
292
39
302
806
686
993
204
245
411
389
439
186
7
84
902
17
126
772
699
71
748
901
475
97
10
825
206
214
131
831
128
423
870
782
582
909
776
786
154
187
527
945
373
886
29
275
903
508
399
954
579
147
855
407
244
866
584
802
432
716
634
560
491
504
343
73
765
471
211
920
10
738
865
736
624
247
11
879
755
763
834
686
910
689
445
507
555
382
309
988
450
295
900
941
152
595
367
917
66
578
189
77
669
55
813
293
654
176
173
761
291
7
799
202
48
245
61
604
979
722
944
429
18
196
722
170
792
441
87
210
372
277
639
41
684
804
686
690
333
211
451
624
570
602
178
619
847
239
575
178
962
519
959
332
67
682
502
859
475
941
422
847
570
61
240
254
866
927
296
551
490
747
175
61
350
354
680
549
593
255
80
907
126
39
239
193
73
93
405
549
35
827
748
605
888
989
212
106
268
508
9
758
608
185
171
310
891
851
859
484
106
291
744
584
331
335
778
404
429
183
305
464
362
54
421
250
395
633
709
663
142
718
773
750
255
945
60
146
148
271
983
607
915
727
191
246
414
321
2
843
504
308
307
866
362
81
469
109
714
530
772
208
600
897
310
208
194
722
354
695
346
689
302
261
768
493
507
183
167
509
26
671
169
686
890
531
767
711
640
833
593
764
42
545
14
352
753
560
75
460
255
421
149
909
682
918
403
541
101
922
50
479
593
572
165
835
455
932
898
448
766
491
564
160
37
578
512
142
491
939
602
98
360
752
8
394
22
763
935
123
685
338
602
630
910
120
466
365
404
716
813
170
208
378
682
597
308
195
91
151
134
694
250
847
798
258
593
820
21
529
943
706
219
897
336
481
17
154
198
422
871
12
944
431
742
627
380
402
174
471
554
660
517
156
859
315
414
453
135
787
334
430
845
553
328
533
34
697
688
232
471
911
596
768
694
690
395
426
445
921
249
999
933
767
507
793
434
921
246
570
60
580
0
905
485
680
438
871
730
478
455
201
741
52
321
787
94
68
213
539
989
815
890
923
934
397
716
368
670
314
938
730
246
291
635
83
323
426
954
53
904
409
607
998
813
928
785
260
997
351
151
338
166
42
261
100
791
329
468
814
995
759
544
593
50
532
676
373
958
982
779
214
744
386
212
909
666
998
169
663
349
673
354
867
67
967
967
858
649
787
24
644
546
569
590
596
453
266
322
763
601
101
977
345
839
542
254
505
540
776
521
241
449
875
460
516
194
427
726
843
566
751
488
113
672
78
61
477
696
383
240
297
836
569
994
675
111
249
533
3
377
54
596
826
281
56
694
475
835
772
319
402
523
159
867
547
589
928
24
637
664
616
935
852
538
281
880
649
530
413
5
259
819
601
437
100
10
131
927
845
904
598
599
779
109
466
679
698
747
55
688
411
672
975
615
210
256
495
211
139
908
568
398
727
522
836
179
532
967
459
729
223
409
681
355
519
147
34
569
894
89
257
657
113
232
625
675
489
120
239
628
29
807
378
108
329
214
640
213
534
99
295
757
508
976
464
379
475
498
949
722
940
206
379
405
439
4
81
280
477
672
260
506
479
638
966
161
853
606
726
739
57
21
848
918
349
313
297
825
163
246
547
103
805
278
509
596
635
942
876
112
614
488
970
445
126
936
958
331
543
685
70
952
58
919
870
408
584
520
585
747
118
